1
1410  4
2358  11
1605  16
1572  30
2020  40
Precision :0.17553030303
Latency :0.0139999389648
2
3078  1
2434  2
2863  3
Precision :1.0
Latency :0.00300002098083
3
1134  5
2923  53
1807  61
1613  158
1947  373
2290  579
Precision :0.0560000254432
Latency :0.00699996948242
4
3128  1
3043  6
2912  32
2371  64
1749  110
3073  125
3127  196
1811  227
2597  228
3082  296
2256  1094
Precision :0.144775563988
Latency :0.0149998664856
5
2035  1
2299  11
1307  21
2501  26
2820  33
1502  72
2399  84
756  282
Precision :0.228134011379
Latency :0.0120000839233
6
2828  2
2078  3
1543  4
Precision :0.638888888889
Latency :0.00500011444092
7
2376  1
3043  2
3128  4
2912  5
2342  9
3148  10
3141  11
2865  13
3082  15
2320  18
2866  53
2895  81
1198  202
2777  217
2597  295
2578  306
2256  367
2618  368
2700  391
2150  467
1960  567
2941  772
1877  794
1338  875
2228  1195
2482  2144
Precision :0.287221228464
Latency :0.021999835968
8
2625  6
3032  12
2849  19
Precision :0.163742690058
Latency :0.00799989700317
9
2870  6
3158  8
3111  10
3068  11
2372  13
2632  35
3128  69
3177  100
2876  138
Precision :0.209223739224
Latency :0.00999999046326
10
2714  1
2785  2
2433  3
1747  4
1262  5
2342  6
2289  7
950  8
2700  10
2851  11
1601  12
2664  15
2685  16
2895  17
3156  21
3075  27
1471  30
2896  36
1613  38
1158  42
1811  49
46  55
2060  56
1380  108
1795  112
141  149
2376  150
392  151
3039  1072
Precision :0.536092114462
Latency :0.0090000629425
11
2699  1
2527  2
2246  4
2906  8
1923  10
2716  11
2316  12
3150  14
1188  25
2923  100
2715  222
1306  231
2710  251
1491  268
2956  385
1043  394
1358  404
3073  433
Precision :0.3304718689
Latency :0.00499987602234
12
3127  1
2246  3
2629  19
2080  73
1523  261
Precision :0.379702602436
Latency :0.00500011444092
13
2897  1
1947  22
1807  37
1223  38
2495  59
1795  63
1231  223
1551  314
2579  480
Precision :0.139350457215
Latency :0.00399994850159
14
1724  1
2679  4
2716  5
2017  8
854  9
2146  14
861  16
2272  19
851  20
2337  22
856  24
865  25
855  27
2108  28
3075  29
1919  31
1980  32
2118  33
2176  41
1956  51
2041  54
2191  55
850  79
857  80
2348  90
827  109
860  110
2664  111
2397  120
1997  135
3187  174
1969  204
2563  206
74  247
117  248
232  249
852  250
858  252
862  253
864  255
866  256
776  578
2714  788
1175  1583
Precision :0.339413366051
Latency :0.0120000839233
15
1947  6
2701  22
2598  31
2263  38
1231  45
2880  63
2495  68
2685  102
Precision :0.0847334864388
Latency :0.00600004196167
16
2378  2
2376  5
2342  30
1854  78
1828  82
1749  97
3148  114
2632  131
2912  134
1960  171
3073  248
2114  273
3105  385
1746  405
2500  582
2817  980
2070  1172
Precision :0.0962046539459
Latency :0.0090000629425
17
1134  6
1223  8
1947  16
2495  35
1807  41
2586  92
405  110
1231  158
1551  249
1613  250
2290  258
2579  356
2923  376
1535  396
Precision :0.0776441482896
Latency :0.00300002098083
18
1613  2
2433  4
1811  6
2175  17
1262  28
2685  46
1471  115
1158  130
2060  202
1215  266
Precision :0.204441526908
Latency :0.00599980354309
19
2714  1
2973  5
950  6
1601  7
2266  9
3075  10
2664  13
3156  17
3175  51
141  60
Precision :0.45265192324
Latency :0.00899982452393
20
2695  3
2986  7
1563  146
Precision :0.213198521418
Latency :0.00799989700317
21
2703  1
2932  10
2702  13
1429  74
3018  75
2490  108
2189  152
1847  286
2701  339
3139  361
2603  1345
Precision :0.158499828077
Latency :0.0139999389648
22
2369  3
2751  4
2692  8
2829  21
2678  25
2827  26
2828  32
2384  67
2473  68
3149  88
2441  128
2564  129
2637  130
2638  131
3116  203
2760  2173
2761  2174
Precision :0.169919202036
Latency :0.0110001564026
23
2849  4
3148  25
3137  41
2578  226
Precision :0.105217461688
Latency :0.0090000629425
24
1696  1
1892  9
268  12
3078  125
2970  242
Precision :0.117298721481
Latency :0.00300002098083
25
3048  1
2318  2
2319  5
2862  8
1719  11
2859  13
2669  15
2741  16
2984  17
2535  19
1653  20
3089  21
2988  25
2452  28
2798  34
1698  36
1572  40
1518  42
3059  46
3119  50
1533  52
2681  58
1892  59
1805  84
2277  112
1526  113
2218  118
2668  128
3088  139
1408  163
2928  184
2373  222
2434  223
2765  238
2881  293
3067  356
1901  368
2358  385
2095  434
2996  460
2667  520
2863  526
2918  555
963  644
268  686
2582  744
2831  761
2818  794
3006  1161
Precision :0.29962419414
Latency :0.00799989700317
26
3128  1
3048  2
2320  6
2541  9
2342  10
3043  13
2256  15
2379  17
2376  28
2912  31
2618  33
1854  34
2632  39
1071  43
2150  45
1198  46
1338  47
2740  53
2851  55
2080  63
2866  90
2938  108
1749  179
2597  182
1960  282
2777  286
3082  382
3039  747
1828  943
2700  948
Precision :0.330845201937
Latency :0.00499987602234
27
2902  1
2669  2
2798  4
2297  6
2918  7
2988  8
1752  10
2859  11
1641  19
2481  20
2864  25
1901  30
3000  38
1750  46
1642  78
2435  108
2734  124
2596  135
2095  139
2498  150
2955  240
2818  253
2983  347
2560  380
2747  466
3052  507
2768  557
Precision :0.348502526264
Latency :0.00600004196167
28
3032  1
2849  2
2949  4
2890  5
2578  107
Precision :0.719345794393
Latency :0.0090000629425
29
2927  1
3037  3
1967  17
1840  20
1841  21
1539  23
2089  25
2120  31
1420  32
1537  73
1538  74
2462  76
377  82
513  83
610  84
935  158
1094  159
2028  357
2932  1692
Precision :0.2410822378
Latency :0.00799989700317
30
1926  5
2786  6
2486  46
2917  118
Precision :0.158112257431
Latency :0.00699996948242
31
3047  1
2125  3
Precision :0.833333333333
Latency :0.0120000839233
32
3139  1
1145  12
366  146
Precision :0.395738203957
Latency :0.0160000324249
33
2805  3
Precision :0.333333333333
Latency :0.0160000324249
34
Precision :0
Latency :0.00499987602234
35
Precision :0
Latency :0.0130000114441
36
1265  1
1350  2
2110  3
1768  15
2733  19
2702  24
1787  26
1825  27
2084  33
3094  47
2836  49
2179  54
1836  84
2340  90
2423  104
1683  179
2986  210
2708  313
2015  1472
2824  1692
Precision :0.299233944375
Latency :0.00800013542175
37
2265  1
2651  2
2941  13
2632  20
2939  25
3148  104
2558  125
2738  459
2840  649
2625  942
3144  945
2377  1115
Precision :0.234064706295
Latency :0.0130000114441
38
2265  1
2651  2
2939  5
3103  6
2958  7
3031  8
2941  9
2940  12
2957  14
2956  17
2632  66
2558  226
2960  268
2625  381
Precision :0.48196913398
Latency :0.00599980354309
39
2651  1
2265  2
1861  9
2939  10
3031  14
2941  19
1693  24
2632  29
2317  73
2126  101
2558  206
2625  620
Precision :0.355737072415
Latency :0.00999999046326
40
2651  1
2939  4
2940  6
2265  8
2958  21
2148  29
2956  32
2941  57
1614  64
2126  241
Precision :0.348621144295
Latency :0.0130000114441
41
Precision :0
Latency :0.0240001678467
42
3048  6
1653  13
2542  14
1827  18
2984  28
2318  30
2344  34
2951  92
1805  101
2151  104
1518  112
3072  209
2522  231
1572  255
963  468
2749  1189
1069  1254
Precision :0.0923603797713
Latency :0.00799989700317
43
2924  2
2883  5
1528  6
2829  7
2771  11
2828  12
2754  15
2841  21
462  25
2751  39
2811  53
3149  54
2201  65
2195  66
2004  83
1325  89
2910  110
3047  162
2994  203
2400  218
3116  225
1686  241
2211  308
1697  472
2788  570
1554  686
2523  730
2421  766
2687  930
2826  955
2827  956
2913  1016
1113  1024
Precision :0.162623815495
Latency :0.0090000629425
44
2829  1
2523  2
2771  30
3047  46
2751  61
3013  111
2924  124
2687  202
2913  418
2004  441
2547  489
1891  572
2827  889
Precision :0.148313957662
Latency :0.00699996948242
45
2816  2
2882  3
3002  7
3137  11
2452  18
2493  21
2765  25
2716  31
2669  41
2969  54
2680  75
3152  88
2878  155
3129  159
2900  215
2359  227
2964  242
3058  247
1935  342
2140  398
2965  509
3168  510
1831  650
2257  947
Precision :0.171322449759
Latency :0.0110001564026
46
Precision :0
Latency :0.00799989700317
47
Precision :0
Latency :0.00999999046326
48
2325  10
2285  70
1353  196
2226  262
1729  331
1863  332
2223  333
1666  565
1797  566
2073  567
2589  682
149  828
Precision :0.0243052166035
Latency :0.0279998779297
49
1681  5
2390  8
2795  10
2561  30
2832  81
2127  125
1515  276
Precision :0.127303005904
Latency :0.00799989700317
50
Precision :0
Latency :0.00399994850159
51
Precision :0
Latency :0.00600004196167
52
Precision :0
Latency :0.0019998550415
53
Precision :0
Latency :0.0090000629425
54
Precision :0
Latency :0.0150001049042
55
Precision :0
Latency :0.00399994850159
56
Precision :0
Latency :0.00399994850159
57
3077  1
Precision :1.0
Latency :0.010999917984
58
2634  1
1709  2
1411  3
1344  5
1631  10
1691  13
2395  45
1398  53
1445  67
2249  91
1629  93
536  144
1944  150
3166  159
1420  175
2825  191
1619  221
2098  494
432  633
2122  1107
3167  1200
2719  1220
2123  2201
2349  2237
2636  2305
Precision :0.202902329263
Latency :0.0150001049042
59
2905  1
1700  4
2203  6
2033  7
2631  9
2359  12
2127  14
1456  15
2991  16
2018  17
1855  18
2111  20
1235  22
3053  24
1112  34
3126  35
2543  38
1786  51
944  54
1170  61
1457  71
2107  79
3083  80
1885  86
2032  88
2251  96
2092  99
1324  104
2552  115
440  127
1973  165
2274  201
2559  224
2537  258
2412  339
2532  340
2974  430
1785  464
2524  518
1314  567
2673  598
2530  696
1860  769
Precision :0.340343609339
Latency :0.0119998455048
60
3087  1
2882  2
2957  22
2198  28
2816  30
2516  34
2718  44
2377  47
2817  54
3137  56
2959  60
2593  71
2452  101
3147  121
2526  184
2716  188
2976  189
2046  190
2406  193
2715  198
2964  284
2710  295
2765  458
2717  470
Precision :0.173860460276
Latency :0.0160000324249
61
2307  1
2711  2
3134  3
2631  4
2160  5
2451  6
1236  7
1457  14
2990  17
1927  18
1032  19
1976  27
2765  39
2966  61
1830  62
634  64
2524  69
2575  84
2965  97
3168  98
3169  99
2976  128
239  146
440  150
3012  152
2641  161
1514  187
3001  335
2452  344
1675  372
Precision :0.41985789016
Latency :0.00699996948242
62
2714  6
2289  13
950  20
3156  25
1601  50
2664  51
3075  83
1811  136
Precision :0.123915094768
Latency :0.00300002098083
63
2714  1
2289  2
2973  3
950  5
1601  13
2266  14
3075  15
3156  16
2664  24
2557  41
1811  47
1795  113
Precision :0.544916096861
Latency :0.0130000114441
64
2651  1
Precision :1.0
Latency :0.00200009346008
MAP :0.25343630817
Avg. latency :0.00937498733401
